
20

33

25

43

73

78

57

45

34

33

35

76

89
103
100

83
109
116

116
103
115

98

68

59

41

38

25

25

24

18


9


8

12
22
24
49
54
49
85
70
63
65
65
104
67
110
100
120
107
106
102
102
103
78
99
79
58
50
31
41
21
15
15
10



4


6

25

53

42

66
104

93

83

97

96
133

45

59
132

98
115

97


89
100

88
103
129
101

90

58

59

24

22

16

20

13

5
15
7
29
37
68
67
81
83
79
79
98
72
90
109
95
101
101
103
91
110
111
99
76
69
53
54
55
36
33
30
27



6


8


7


8

33

84

63

69

80

62

50

62
100
121
115

93

87
106


83
117

93

89

69

51

48

48

71

51

52

48

44

42

6
9
9
22
13
38
44
69
86
84
75
75
65
94
117
73
80
90
99
93
79
79
63
72
56
55
49
55
46
39
35
32



6

10

12

13

17

19

44
110

75
115

88

89
119

68

60
114

74

81


93

70

89

75

72

97

76

62

58

50

41

31

26

23

6
9
11
15
19
33
75
79
81
28
114
13
91
16
21
28
39
0
119
1
116
18
100
75
93
74
68
38
33
30
26
22



6


9

13

15

22

40

50

48

99
197
163
114
165
220
238
220
209
220

183
157
166
217
187
125

78

87

47

27

26

30

22

21

6
9
10
15
26
41
41
76
9
18
14
4
57
90
88
78
78
80
49
56
44
90
44
115
105
62
45
38
31
25
21
20



6


7


9

12

32

35

53

77
129
171
193
150
198
206
195
193
189
197

178
127
186
220
153
124

77

63

51

33

27

20

20

20

5
7
12
23
30
43
56
88
125
30
53
59
20
48
125
54
41
35
42
51
50
56
24
14
105
91
59
37
28
23
22
21



5


9

15

26

33

35

48

79
123
183
215
191
182
147

56
141
170
130

163
136
181
180
183
172
132

86

47

36

27

25

22

22

12
17
28
46
60
73
89
109
28
74
78
32
65
68
5
48
42
106
109
47
61
57
60
35
19
86
77
46
31
34
24
24


20

26

41

66

87
111
130
140
189
222
220
130
174
196
210
211
179

82

120
199
188
176
194
209
126

83

70

68

46

27

23

26

16
22
31
51
72
98
109
21
54
71
49
123
28
50
49
51
114
13
106
2
51
61
56
30
11
119
99
58
35
53
41
45


12

11

25

36

61

79
109
143
178
224
171
117
146
183
145
147
163
119


61
131
140
159
190
196
169
130

71

44

47

51

60

65

39
43
59
62
77
101
82
122
32
73
19
1
122
13
9
21
18
30
107
10
4
40
19
38
19
98
81
66
39
43
38
45


66

76

93

88

94

92

77

85
136
178
113
100
116
127
136
120
116
146

153
145
146
133
166
136
125
118

95

65

61

35

25

26

50
56
63
70
78
101
93
120
29
1
117
106
103
111
121
112
125
110
126
12
25
19
21
44
23
125
115
93
51
50
35
30


35

32

47

50

55

68
109
156
178
134
123
112
103
107
106
105
106
105

104
106
128
162
185
187
179
166
126

68

63

60

39

35

26
32
40
47
61
80
116
31
17
55
28
12
126
115
114
116
118
121
127
4
21
44
61
67
56
11
90
86
54
48
30
30


17

30

39

54

52

77
141
156
158
201
189
179
157
140
127
122
130
137

150
159
171
182
194
203
148
112
110

70

46

36

22

26

68
33
104
84
45
119
89
1
2
124
12
120
101
109
104
116
115
0
114
6
8
113
123
12
99
80
81
71
57
29
35
30

120
155

50
114

97

37
100
102

68
104

91

62

87

79

81

86
106
108


43

91
119

44

90

78

51

93

97

78

36

40

33

34

111
108
88
71
73
110
69
90
118
123
102
71
102
76
83
86
123
91
108
82
76
119
54
90
70
126
119
104
71
37
49
34

102

62

46
110
120

37
113
132

62
143
100

80
117
104

66

88
140
153


46
109
124

31
119

93

90
160

85
162
111

65

38

34

72
58
82
38
75
72
95
113
116
122
90
107
105
115
105
126
90
18
99
10
99
60
102
96
104
10
44
45
124
107
69
54


42

54

57

51

31

59

68

98
114
101
102
106
115
122
113
107
118

93

152
114
103

89

86

99
124
116
130
184
171
102
103

74

41
49
54
41
51
84
110
5
33
18
27
22
30
29
36
28
21
23
33
51
29
13
124
1
37
36
41
62
57
45
6
120


41

50

51

43

47
109
153
169
208
205
178
194
202
205
205
206
210
209

207
207
206
200
180
160
206
213
209
200
187
186
175
166


20

33

25

43

73

78

57

45

34

33

35

76

89
103
100

83
109
116

116
103
115

98

68

59

41

38

25

25

24

18


9


8

12
22
24
49
54
49
85
70
63
65
65
104
67
110
100
120
107
106
102
102
103
78
99
79
58
50
31
41
21
15
15
10



4


6

25

53

42

66
104

93

83

97

96
133

45

59
132

98
115

97


89
100

88
103
129
101

90

58

59

24

22

16

20

13

5
15
7
29
37
68
67
81
83
79
79
98
72
90
109
95
101
101
103
91
110
111
99
76
69
53
54
55
36
33
30
27



6


8


7


8

33

84

63

69

80

62

50

62
100
121
115

93

87
106


83
117

93

89

69

51

48

48

71

51

52

48

44

42

6
9
9
22
13
38
44
69
86
84
75
75
65
94
117
73
80
90
99
93
79
79
63
72
56
55
49
55
46
39
35
32



6

10

12

13

17

19

44
110

75
115

88

89
119

68

60
114

74

81


93

70

89

75

72

97

76

62

58

50

41

31

26

23

6
9
11
15
19
33
75
79
81
28
114
13
91
16
21
28
39
0
119
1
116
18
100
75
93
74
68
38
33
30
26
22



6


9

13

15

22

40

50

48

99
197
163
114
165
220
238
220
209
220

183
157
166
217
187
125

78

87

47

27

26

30

22

21

6
9
10
15
26
41
41
76
9
18
14
4
57
90
88
78
78
80
49
56
44
90
44
115
105
62
45
38
31
25
21
20



6


7


9

12

32

35

53

77
129
171
193
150
198
206
195
193
189
197

178
127
186
220
153
124

77

63

51

33

27

20

20

20

5
7
12
23
30
43
56
88
125
30
53
59
20
48
125
54
41
35
42
51
50
56
24
14
105
91
59
37
28
23
22
21



5


9

15

26

33

35

48

79
123
183
215
191
182
147

56
141
170
130

163
136
181
180
183
172
132

86

47

36

27

25

22

22

12
17
28
46
60
73
89
109
28
74
78
32
65
68
5
48
42
106
109
47
61
57
60
35
19
86
77
46
31
34
24
24


20

26

41

66

87
111
130
140
189
222
220
130
174
196
210
211
179

82

120
199
188
176
194
209
126

83

70

68

46

27

23

26

16
22
31
51
72
98
109
21
54
71
49
123
28
50
49
51
114
13
106
2
51
61
56
30
11
119
99
58
35
53
41
45


12

11

25

36

61

79
109
143
178
224
171
117
146
183
145
147
163
119


61
131
140
159
190
196
169
130

71

44

47

51

60

65

39
43
59
62
77
101
82
122
32
73
19
1
122
13
9
21
18
30
107
10
4
40
19
38
19
98
81
66
39
43
38
45


66

76

93

88

94

92

77

85
136
178
113
100
116
127
136
120
116
146

153
145
146
133
166
136
125
118

95

65

61

35

25

26

50
56
63
70
78
101
93
120
29
1
117
106
103
111
121
112
125
110
126
12
25
19
21
44
23
125
115
93
51
50
35
30


35

32

47

50

55

68
109
156
178
134
123
112
103
107
106
105
106
105

104
106
128
162
185
187
179
166
126

68

63

60

39

35

26
32
40
47
61
80
116
31
17
55
28
12
126
115
114
116
118
121
127
4
21
44
61
67
56
11
90
86
54
48
30
30


17

30

39

54

52

77
141
156
158
201
189
179
157
140
127
122
130
137

150
159
171
182
194
203
148
112
110

70

46

36

22

26

68
33
104
84
45
119
89
1
2
124
12
120
101
109
104
116
115
0
114
6
8
113
123
12
99
80
81
71
57
29
35
30

120
155

50
114

97

37
100
102

68
104

91

62

87

79

81

86
106
108


43

91
119

44

90

78

51

93

97

78

36

40

33

34

111
108
88
71
73
110
69
90
118
123
102
71
102
76
83
86
123
91
108
82
76
119
54
90
70
126
119
104
71
37
49
34

102

62

46
110
120

37
113
132

62
143
100

80
117
104

66

88
140
153


46
109
124

31
119

93

90
160

85
162
111

65

38

34

72
58
82
38
75
72
95
113
116
122
90
107
105
115
105
126
90
18
99
10
99
60
102
96
104
10
44
45
124
107
69
54


42

54

57

51

31

59

68

98
114
101
102
106
115
122
113
107
118

93

152
114
103

89

86

99
124
116
130
184
171
102
103

74

41
49
54
41
51
84
110
5
33
18
27
22
30
29
36
28
21
23
33
51
29
13
124
1
37
36
41
62
57
45
6
120


41

50

51

43

47
109
153
169
208
205
178
194
202
205
205
206
210
209

207
207
206
200
180
160
206
213
209
200
187
186
175
166


20

33

25

43

73

78

57

45

34

33

35

76

89
103
100

83
109
116

116
103
115

98

68

59

41

38

25

25

24

18


9


8

12
22
24
49
54
49
85
70
63
65
65
104
67
110
100
120
107
106
102
102
103
78
99
79
58
50
31
41
21
15
15
10



4


6

25

53

42

66
104

93

83

97

96
133

45

59
132

98
115

97


89
100

88
103
129
101

90

58

59

24

22

16

20

13

5
15
7
29
37
68
67
81
83
79
79
98
72
90
109
95
101
101
103
91
110
111
99
76
69
53
54
55
36
33
30
27



6


8


7


8

33

84

63

69

80

62

50

62
100
121
115

93

87
106


83
117

93

89

69

51

48

48

71

51

52

48

44

42

6
9
9
22
13
38
44
69
86
84
75
75
65
94
117
73
80
90
99
93
79
79
63
72
56
55
49
55
46
39
35
32



6

10

12

13

17

19

44
110

75
115

88

89
119

68

60
114

74

81


93

70

89

75

72

97

76

62

58

50

41

31

26

23

6
9
11
15
19
33
75
79
81
28
114
13
91
16
21
28
39
0
119
1
116
18
100
75
93
74
68
38
33
30
26
22



6


9

13

15

22

40

50

48

99
197
163
114
165
220
238
220
209
220

183
157
166
217
187
125

78

87

47

27

26

30

22

21

6
9
10
15
26
41
41
76
9
18
14
4
57
90
88
78
78
80
49
56
44
90
44
115
105
62
45
38
31
25
21
20



6


7


9

12

32

35

53

77
129
171
193
150
198
206
195
193
189
197

178
127
186
220
153
124

77

63

51

33

27

20

20

20

5
7
12
23
30
43
56
88
125
30
53
59
20
48
125
54
41
35
42
51
50
56
24
14
105
91
59
37
28
23
22
21



5


9

15

26

33

35

48

79
123
183
215
191
182
147

56
141
170
130

163
136
181
180
183
172
132

86

47

36

27

25

22

22

12
17
28
46
60
73
89
109
28
74
78
32
65
68
5
48
42
106
109
47
61
57
60
35
19
86
77
46
31
34
24
24


20

26

41

66

87
111
130
140
189
222
220
130
174
196
210
211
179

82

120
199
188
176
194
209
126

83

70

68

46

27

23

26

16
22
31
51
72
98
109
21
54
71
49
123
28
50
49
51
114
13
106
2
51
61
56
30
11
119
99
58
35
53
41
45


12

11

25

36

61

79
109
143
178
224
171
117
146
183
145
147
163
119


61
131
140
159
190
196
169
130

71

44

47

51

60

65

39
43
59
62
77
101
82
122
32
73
19
1
122
13
9
21
18
30
107
10
4
40
19
38
19
98
81
66
39
43
38
45


66

76

93

88

94

92

77

85
136
178
113
100
116
127
136
120
116
146

153
145
146
133
166
136
125
118

95

65

61

35

25

26

50
56
63
70
78
101
93
120
29
1
117
106
103
111
121
112
125
110
126
12
25
19
21
44
23
125
115
93
51
50
35
30


35

32

47

50

55

68
109
156
178
134
123
112
103
107
106
105
106
105

104
106
128
162
185
187
179
166
126

68

63

60

39

35

26
32
40
47
61
80
116
31
17
55
28
12
126
115
114
116
118
121
127
4
21
44
61
67
56
11
90
86
54
48
30
30


17

30

39

54

52

77
141
156
158
201
189
179
157
140
127
122
130
137

150
159
171
182
194
203
148
112
110

70

46

36

22

26

68
33
104
84
45
119
89
1
2
124
12
120
101
109
104
116
115
0
114
6
8
113
123
12
99
80
81
71
57
29
35
30

120
155

50
114

97

37
100
102

68
104

91

62

87

79

81

86
106
108


43

91
119

44

90

78

51

93

97

78

36

40

33

34

111
108
88
71
73
110
69
90
118
123
102
71
102
76
83
86
123
91
108
82
76
119
54
90
70
126
119
104
71
37
49
34

102

62

46
110
120

37
113
132

62
143
100

80
117
104

66

88
140
153


46
109
124

31
119

93

90
160

85
162
111

65

38

34

72
58
82
38
75
72
95
113
116
122
90
107
105
115
105
126
90
18
99
10
99
60
102
96
104
10
44
45
124
107
69
54


42

54

57

51

31

59

68

98
114
101
102
106
115
122
113
107
118

93

152
114
103

89

86

99
124
116
130
184
171
102
103

74

41
49
54
41
51
84
110
5
33
18
27
22
30
29
36
28
21
23
33
51
29
13
124
1
37
36
41
62
57
45
6
120


41

50

51

43

47
109
153
169
208
205
178
194
202
205
205
206
210
209

207
207
206
200
180
160
206
213
209
200
187
186
175
166


20

33

25

43

73

78

57

45

34

33

35

76

89
103
100

83
109
116

116
103
115

98

68

59

41

38

25

25

24

18


9


8

12
22
24
49
54
49
85
70
63
65
65
104
67
110
100
120
107
106
102
102
103
78
99
79
58
50
31
41
21
15
15
10



4


6

25

53

42

66
104

93

83

97

96
133

45

59
132

98
115

97


89
100

88
103
129
101

90

58

59

24

22

16

20

13

5
15
7
29
37
68
67
81
83
79
79
98
72
90
109
95
101
101
103
91
110
111
99
76
69
53
54
55
36
33
30
27



6


8


7


8

33

84

63

69

80

62

50

62
100
121
115

93

87
106


83
117

93

89

69

51

48

48

71

51

52

48

44

42

6
9
9
22
13
38
44
69
86
84
75
75
65
94
117
73
80
90
99
93
79
79
63
72
56
55
49
55
46
39
35
32



6

10

12

13

17

19

44
110

75
115

88

89
119

68

60
114

74

81


93

70

89

75

72

97

76

62

58

50

41

31

26

23

6
9
11
15
19
33
75
79
81
28
114
13
91
16
21
28
39
0
119
1
116
18
100
75
93
74
68
38
33
30
26
22



6


9

13

15

22

40

50

48

99
197
163
114
165
220
238
220
209
220

183
157
166
217
187
125

78

87

47

27

26

30

22

21

6
9
10
15
26
41
41
76
9
18
14
4
57
90
88
78
78
80
49
56
44
90
44
115
105
62
45
38
31
25
21
20



6


7


9

12

32

35

53

77
129
171
193
150
198
206
195
193
189
197

178
127
186
220
153
124

77

63

51

33

27

20

20

20

5
7
12
23
30
43
56
88
125
30
53
59
20
48
125
54
41
35
42
51
50
56
24
14
105
91
59
37
28
23
22
21



5


9

15

26

33

35

48

79
123
183
215
191
182
147

56
141
170
130

163
136
181
180
183
172
132

86

47

36

27

25

22

22

12
17
28
46
60
73
89
109
28
74
78
32
65
68
5
48
42
106
109
47
61
57
60
35
19
86
77
46
31
34
24
24


20

26

41

66

87
111
130
140
189
222
220
130
174
196
210
211
179

82

120
199
188
176
194
209
126

83

70

68

46

27

23

26

16
22
31
51
72
98
109
21
54
71
49
123
28
50
49
51
114
13
106
2
51
61
56
30
11
119
99
58
35
53
41
45


12

11

25

36

61

79
109
143
178
224
171
117
146
183
145
147
163
119


61
131
140
159
190
196
169
130

71

44

47

51

60

65

39
43
59
62
77
101
82
122
32
73
19
1
122
13
9
21
18
30
107
10
4
40
19
38
19
98
81
66
39
43
38
45


66

76

93

88

94

92

77

85
136
178
113
100
116
127
136
120
116
146

153
145
146
133
166
136
125
118

95

65

61

35

25

26

50
56
63
70
78
101
93
120
29
1
117
106
103
111
121
112
125
110
126
12
25
19
21
44
23
125
115
93
51
50
35
30


35

32

47

50

55

68
109
156
178
134
123
112
103
107
106
105
106
105

104
106
128
162
185
187
179
166
126

68

63

60

39

35

26
32
40
47
61
80
116
31
17
55
28
12
126
115
114
116
118
121
127
4
21
44
61
67
56
11
90
86
54
48
30
30


17

30

39

54

52

77
141
156
158
201
189
179
157
140
127
122
130
137

150
159
171
182
194
203
148
112
110

70

46

36

22

26

68
33
104
84
45
119
89
1
2
124
12
120
101
109
104
116
115
0
114
6
8
113
123
12
99
80
81
71
57
29
35
30

120
155

50
114

97

37
100
102

68
104

91

62

87

79

81

86
106
108


43

91
119

44

90

78

51

93

97

78

36

40

33

34

111
108
88
71
73
110
69
90
118
123
102
71
102
76
83
86
123
91
108
82
76
119
54
90
70
126
119
104
71
37
49
34

102

62

46
110
120

37
113
132

62
143
100

80
117
104

66

88
140
153


46
109
124

31
119

93

90
160

85
162
111

65

38

34

72
58
82
38
75
72
95
113
116
122
90
107
105
115
105
126
90
18
99
10
99
60
102
96
104
10
44
45
124
107
69
54


42

54

57

51

31

59

68

98
114
101
102
106
115
122
113
107
118

93

152
114
103

89

86

99
124
116
130
184
171
102
103

74

41
49
54
41
51
84
110
5
33
18
27
22
30
29
36
28
21
23
33
51
29
13
124
1
37
36
41
62
57
45
6
120


41

50

51

43

47
109
153
169
208
205
178
194
202
205
205
206
210
209

207
207
206
200
180
160
206
213
209
200
187
186
175
166


20

33

25

43

73

78

57

45

34

33

35

76

89
103
100

83
109
116

116
103
115

98

68

59

41

38

25

25

24

18


9


8

12
22
24
49
54
49
85
70
63
65
65
104
67
110
100
120
107
106
102
102
103
78
99
79
58
50
31
41
21
15
15
10



4


6

25

53

42

66
104

93

83

97

96
133

45

59
132

98
115

97


89
100

88
103
129
101

90

58

59

24

22

16

20

13

5
15
7
29
37
68
67
81
83
79
79
98
72
90
109
95
101
101
103
91
110
111
99
76
69
53
54
55
36
33
30
27



6


8


7


8

33

84

63

69

80

62

50

62
100
121
115

93

87
106


83
117

93

89

69

51

48

48

71

51

52

48

44

42

6
9
9
22
13
38
44
69
86
84
75
75
65
94
117
73
80
90
99
93
79
79
63
72
56
55
49
55
46
39
35
32



6

10

12

13

17

19

44
110

75
115

88

89
119

68

60
114

74

81


93

70

89

75

72

97

76

62

58

50

41

31

26

23

6
9
11
15
19
33
75
79
81
28
114
13
91
16
21
28
39
0
119
1
116
18
100
75
93
74
68
38
33
30
26
22



6


9

13

15

22

40

50

48

99
197
163
114
165
220
238
220
209
220

183
157
166
217
187
125

78

87

47

27

26

30

22

21

6
9
10
15
26
41
41
76
9
18
14
4
57
90
88
78
78
80
49
56
44
90
44
115
105
62
45
38
31
25
21
20



6


7


9

12

32

35

53

77
129
171
193
150
198
206
195
193
189
197

178
127
186
220
153
124

77

63

51

33

27

20

20

20

5
7
12
23
30
43
56
88
125
30
53
59
20
48
125
54
41
35
42
51
50
56
24
14
105
91
59
37
28
23
22
21



5


9

15

26

33

35

48

79
123
183
215
191
182
147

56
141
170
130

163
136
181
180
183
172
132

86

47

36

27

25

22

22

12
17
28
46
60
73
89
109
28
74
78
32
65
68
5
48
42
106
109
47
61
57
60
35
19
86
77
46
31
34
24
24


20

26

41

66

87
111
130
140
189
222
220
130
174
196
210
211
179

82

120
199
188
176
194
209
126

83

70

68

46

27

23

26

16
22
31
51
72
98
109
21
54
71
49
123
28
50
49
51
114
13
106
2
51
61
56
30
11
119
99
58
35
53
41
45


12

11

25

36

61

79
109
143
178
224
171
117
146
183
145
147
163
119


61
131
140
159
190
196
169
130

71

44

47

51

60

65

39
43
59
62
77
101
82
122
32
73
19
1
122
13
9
21
18
30
107
10
4
40
19
38
19
98
81
66
39
43
38
45


66

76

93

88

94

92

77

85
136
178
113
100
116
127
136
120
116
146

153
145
146
133
166
136
125
118

95

65

61

35

25

26

50
56
63
70
78
101
93
120
29
1
117
106
103
111
121
112
125
110
126
12
25
19
21
44
23
125
115
93
51
50
35
30


35

32

47

50

55

68
109
156
178
134
123
112
103
107
106
105
106
105

104
106
128
162
185
187
179
166
126

68

63

60

39

35

26
32
40
47
61
80
116
31
17
55
28
12
126
115
114
116
118
121
127
4
21
44
61
67
56
11
90
86
54
48
30
30


17

30

39

54

52

77
141
156
158
201
189
179
157
140
127
122
130
137

150
159
171
182
194
203
148
112
110

70

46

36

22

26

68
33
104
84
45
119
89
1
2
124
12
120
101
109
104
116
115
0
114
6
8
113
123
12
99
80
81
71
57
29
35
30

120
155

50
114

97

37
100
102

68
104

91

62

87

79

81

86
106
108


43

91
119

44

90

78

51

93

97

78

36

40

33

34

111
108
88
71
73
110
69
90
118
123
102
71
102
76
83
86
123
91
108
82
76
119
54
90
70
126
119
104
71
37
49
34

102

62

46
110
120

37
113
132

62
143
100

80
117
104

66

88
140
153


46
109
124

31
119

93

90
160

85
162
111

65

38

34

72
58
82
38
75
72
95
113
116
122
90
107
105
115
105
126
90
18
99
10
99
60
102
96
104
10
44
45
124
107
69
54


42

54

57

51

31

59

68

98
114
101
102
106
115
122
113
107
118

93

152
114
103

89

86

99
124
116
130
184
171
102
103

74

41
49
54
41
51
84
110
5
33
18
27
22
30
29
36
28
21
23
33
51
29
13
124
1
37
36
41
62
57
45
6
120


41

50

51

43

47
109
153
169
208
205
178
194
202
205
205
206
210
209

207
207
206
200
180
160
206
213
209
200
187
186
175
166

