
20

33

25

43

73

78

57

45

34

33

35

76

89
103
100

83
109
116

116
103
115

98

68

59

41

38

25

25

24

18


9


8



4


6

25

53

42

66
104

93

83

97

96
133

45

59
132

98
115

97


89
100

88
103
129
101

90

58

59

24

22

16

20

13



6


8


7


8

33

84

63

69

80

62

50

62
100
121
115

93

87
106


83
117

93

89

69

51

48

48

71

51

52

48

44

42



6

10

12

13

17

19

44
110

75
115

88

89
119

68

60
114

74

81


93

70

89

75

72

97

76

62

58

50

41

31

26

23



6


9

13

15

22

40

50

48

99
197
163
114
165
220
238
220
209
220

183
157
166
217
187
125

78

87

47

27

26

30

22

21



6


7


9

12

32

35

53

77
129
171
193
150
198
206
195
193
189
197

178
127
186
220
153
124

77

63

51

33

27

20

20

20



5


9

15

26

33

35

48

79
123
183
215
191
182
147

56
141
170
130

163
136
181
180
183
172
132

86

47

36

27

25

22

22


20

26

41

66

87
111
130
140
189
222
220
130
174
196
210
211
179

82

120
199
188
176
194
209
126

83

70

68

46

27

23

26


12

11

25

36

61

79
109
143
178
224
171
117
146
183
145
147
163
119


61
131
140
159
190
196
169
130

71

44

47

51

60

65


66

76

93

88

94

92

77

85
136
178
113
100
116
127
136
120
116
146

153
145
146
133
166
136
125
118

95

65

61

35

25

26


35

32

47

50

55

68
109
156
178
134
123
112
103
107
106
105
106
105

104
106
128
162
185
187
179
166
126

68

63

60

39

35


17

30

39

54

52

77
141
156
158
201
189
179
157
140
127
122
130
137

150
159
171
182
194
203
148
112
110

70

46

36

22

26

120
155

50
114

97

37
100
102

68
104

91

62

87

79

81

86
106
108


43

91
119

44

90

78

51

93

97

78

36

40

33

34

102

62

46
110
120

37
113
132

62
143
100

80
117
104

66

88
140
153


46
109
124

31
119

93

90
160

85
162
111

65

38

34


42

54

57

51

31

59

68

98
114
101
102
106
115
122
113
107
118

93

152
114
103

89

86

99
124
116
130
184
171
102
103

74


41

50

51

43

47
109
153
169
208
205
178
194
202
205
205
206
210
209

207
207
206
200
180
160
206
213
209
200
187
186
175
166


20

33

25

43

73

78

57

45

34

33

35

76

89
103
100

83
109
116

116
103
115

98

68

59

41

38

25

25

24

18


9


8



4


6

25

53

42

66
104

93

83

97

96
133

45

59
132

98
115

97


89
100

88
103
129
101

90

58

59

24

22

16

20

13



6


8


7


8

33

84

63

69

80

62

50

62
100
121
115

93

87
106


83
117

93

89

69

51

48

48

71

51

52

48

44

42



6

10

12

13

17

19

44
110

75
115

88

89
119

68

60
114

74

81


93

70

89

75

72

97

76

62

58

50

41

31

26

23



6


9

13

15

22

40

50

48

99
197
163
114
165
220
238
220
209
220

183
157
166
217
187
125

78

87

47

27

26

30

22

21



6


7


9

12

32

35

53

77
129
171
193
150
198
206
195
193
189
197

178
127
186
220
153
124

77

63

51

33

27

20

20

20



5


9

15

26

33

35

48

79
123
183
215
191
182
147

56
141
170
130

163
136
181
180
183
172
132

86

47

36

27

25

22

22


20

26

41

66

87
111
130
140
189
222
220
130
174
196
210
211
179

82

120
199
188
176
194
209
126

83

70

68

46

27

23

26


12

11

25

36

61

79
109
143
178
224
171
117
146
183
145
147
163
119


61
131
140
159
190
196
169
130

71

44

47

51

60

65


66

76

93

88

94

92

77

85
136
178
113
100
116
127
136
120
116
146

153
145
146
133
166
136
125
118

95

65

61

35

25

26


35

32

47

50

55

68
109
156
178
134
123
112
103
107
106
105
106
105

104
106
128
162
185
187
179
166
126

68

63

60

39

35


17

30

39

54

52

77
141
156
158
201
189
179
157
140
127
122
130
137

150
159
171
182
194
203
148
112
110

70

46

36

22

26

120
155

50
114

97

37
100
102

68
104

91

62

87

79

81

86
106
108


43

91
119

44

90

78

51

93

97

78

36

40

33

34

102

62

46
110
120

37
113
132

62
143
100

80
117
104

66

88
140
153


46
109
124

31
119

93

90
160

85
162
111

65

38

34


42

54

57

51

31

59

68

98
114
101
102
106
115
122
113
107
118

93

152
114
103

89

86

99
124
116
130
184
171
102
103

74


41

50

51

43

47
109
153
169
208
205
178
194
202
205
205
206
210
209

207
207
206
200
180
160
206
213
209
200
187
186
175
166


20

33

25

43

73

78

57

45

34

33

35

76

89
103
100

83
109
116

116
103
115

98

68

59

41

38

25

25

24

18


9


8



4


6

25

53

42

66
104

93

83

97

96
133

45

59
132

98
115

97


89
100

88
103
129
101

90

58

59

24

22

16

20

13



6


8


7


8

33

84

63

69

80

62

50

62
100
121
115

93

87
106


83
117

93

89

69

51

48

48

71

51

52

48

44

42



6

10

12

13

17

19

44
110

75
115

88

89
119

68

60
114

74

81


93

70

89

75

72

97

76

62

58

50

41

31

26

23



6


9

13

15

22

40

50

48

99
197
163
114
165
220
238
220
209
220

183
157
166
217
187
125

78

87

47

27

26

30

22

21



6


7


9

12

32

35

53

77
129
171
193
150
198
206
195
193
189
197

178
127
186
220
153
124

77

63

51

33

27

20

20

20



5


9

15

26

33

35

48

79
123
183
215
191
182
147

56
141
170
130

163
136
181
180
183
172
132

86

47

36

27

25

22

22


20

26

41

66

87
111
130
140
189
222
220
130
174
196
210
211
179

82

120
199
188
176
194
209
126

83

70

68

46

27

23

26


12

11

25

36

61

79
109
143
178
224
171
117
146
183
145
147
163
119


61
131
140
159
190
196
169
130

71

44

47

51

60

65


66

76

93

88

94

92

77

85
136
178
113
100
116
127
136
120
116
146

153
145
146
133
166
136
125
118

95

65

61

35

25

26


35

32

47

50

55

68
109
156
178
134
123
112
103
107
106
105
106
105

104
106
128
162
185
187
179
166
126

68

63

60

39

35


17

30

39

54

52

77
141
156
158
201
189
179
157
140
127
122
130
137

150
159
171
182
194
203
148
112
110

70

46

36

22

26

120
155

50
114

97

37
100
102

68
104

91

62

87

79

81

86
106
108


43

91
119

44

90

78

51

93

97

78

36

40

33

34

102

62

46
110
120

37
113
132

62
143
100

80
117
104

66

88
140
153


46
109
124

31
119

93

90
160

85
162
111

65

38

34


42

54

57

51

31

59

68

98
114
101
102
106
115
122
113
107
118

93

152
114
103

89

86

99
124
116
130
184
171
102
103

74


41

50

51

43

47
109
153
169
208
205
178
194
202
205
205
206
210
209

207
207
206
200
180
160
206
213
209
200
187
186
175
166


20

33

25

43

73

78

57

45

34

33

35

76

89
103
100

83
109
116

116
103
115

98

68

59

41

38

25

25

24

18


9


8



4


6

25

53

42

66
104

93

83

97

96
133

45

59
132

98
115

97


89
100

88
103
129
101

90

58

59

24

22

16

20

13



6


8


7


8

33

84

63

69

80

62

50

62
100
121
115

93

87
106


83
117

93

89

69

51

48

48

71

51

52

48

44

42



6

10

12

13

17

19

44
110

75
115

88

89
119

68

60
114

74

81


93

70

89

75

72

97

76

62

58

50

41

31

26

23



6


9

13

15

22

40

50

48

99
197
163
114
165
220
238
220
209
220

183
157
166
217
187
125

78

87

47

27

26

30

22

21



6


7


9

12

32

35

53

77
129
171
193
150
198
206
195
193
189
197

178
127
186
220
153
124

77

63

51

33

27

20

20

20



5


9

15

26

33

35

48

79
123
183
215
191
182
147

56
141
170
130

163
136
181
180
183
172
132

86

47

36

27

25

22

22


20

26

41

66

87
111
130
140
189
222
220
130
174
196
210
211
179

82

120
199
188
176
194
209
126

83

70

68

46

27

23

26


12

11

25

36

61

79
109
143
178
224
171
117
146
183
145
147
163
119


61
131
140
159
190
196
169
130

71

44

47

51

60

65


66

76

93

88

94

92

77

85
136
178
113
100
116
127
136
120
116
146

153
145
146
133
166
136
125
118

95

65

61

35

25

26


35

32

47

50

55

68
109
156
178
134
123
112
103
107
106
105
106
105

104
106
128
162
185
187
179
166
126

68

63

60

39

35


17

30

39

54

52

77
141
156
158
201
189
179
157
140
127
122
130
137

150
159
171
182
194
203
148
112
110

70

46

36

22

26

120
155

50
114

97

37
100
102

68
104

91

62

87

79

81

86
106
108


43

91
119

44

90

78

51

93

97

78

36

40

33

34

102

62

46
110
120

37
113
132

62
143
100

80
117
104

66

88
140
153


46
109
124

31
119

93

90
160

85
162
111

65

38

34


42

54

57

51

31

59

68

98
114
101
102
106
115
122
113
107
118

93

152
114
103

89

86

99
124
116
130
184
171
102
103

74


41

50

51

43

47
109
153
169
208
205
178
194
202
205
205
206
210
209

207
207
206
200
180
160
206
213
209
200
187
186
175
166


20

33

25

43

73

78

57

45

34

33

35

76

89
103
100

83
109
116

116
103
115

98

68

59

41

38

25

25

24

18


9


8



4


6

25

53

42

66
104

93

83

97

96
133

45

59
132

98
115

97


89
100

88
103
129
101

90

58

59

24

22

16

20

13



6


8


7


8

33

84

63

69

80

62

50

62
100
121
115

93

87
106


83
117

93

89

69

51

48

48

71

51

52

48

44

42



6

10

12

13

17

19

44
110

75
115

88

89
119

68

60
114

74

81


93

70

89

75

72

97

76

62

58

50

41

31

26

23



6


9

13

15

22

40

50

48

99
197
163
114
165
220
238
220
209
220

183
157
166
217
187
125

78

87

47

27

26

30

22

21



6


7


9

12

32

35

53

77
129
171
193
150
198
206
195
193
189
197

178
127
186
220
153
124

77

63

51

33

27

20

20

20



5


9

15

26

33

35

48

79
123
183
215
191
182
147

56
141
170
130

163
136
181
180
183
172
132

86

47

36

27

25

22

22


20

26

41

66

87
111
130
140
189
222
220
130
174
196
210
211
179

82

120
199
188
176
194
209
126

83

70

68

46

27

23

26


12

11

25

36

61

79
109
143
178
224
171
117
146
183
145
147
163
119


61
131
140
159
190
196
169
130

71

44

47

51

60

65


66

76

93

88

94

92

77

85
136
178
113
100
116
127
136
120
116
146

153
145
146
133
166
136
125
118

95

65

61

35

25

26


35

32

47

50

55

68
109
156
178
134
123
112
103
107
106
105
106
105

104
106
128
162
185
187
179
166
126

68

63

60

39

35


17

30

39

54

52

77
141
156
158
201
189
179
157
140
127
122
130
137

150
159
171
182
194
203
148
112
110

70

46

36

22

26

120
155

50
114

97

37
100
102

68
104

91

62

87

79

81

86
106
108


43

91
119

44

90

78

51

93

97

78

36

40

33

34

102

62

46
110
120

37
113
132

62
143
100

80
117
104

66

88
140
153


46
109
124

31
119

93

90
160

85
162
111

65

38

34


42

54

57

51

31

59

68

98
114
101
102
106
115
122
113
107
118

93

152
114
103

89

86

99
124
116
130
184
171
102
103

74


41

50

51

43

47
109
153
169
208
205
178
194
202
205
205
206
210
209

207
207
206
200
180
160
206
213
209
200
187
186
175
166

